3_30_50_9.txt 999 1038 1053.5 98.65 -54.5 98.65 0 0 1
3_30_50_7.txt 1039 1082 1102.3 125.41 -63.3 125.41 0 0 1
3_30_50_10.txt 1050 1075 1090.4 67.04 -40.4 67.04 0 0 1
3_30_50_8.txt 867 906 913.2 26.56 -46.2 26.56 0 0 1
3_30_50_3.txt 991 1017 1038 101.4 -47 101.4 0 0 1
3_30_50_4.txt 966 1006 1025.3 140.01 -59.3 140.01 0 0 1
3_30_50_2.txt 991 1036 1050.2 89.76 -59.2 89.76 0 0 1
3_30_50_6.txt 986 1023 1038.1 50.89 -52.1 50.89 0 0 1
3_30_50_5.txt 976 1033 1045.8 62.96 -69.8 62.96 0 0 1
3_30_50_1.txt 1033 1074 1084.4 66.64 -51.4 66.64 0 0 1
3_30_200_10.txt 4346 4511 4572 643.4 -226 643.4 0 0 1
3_30_200_5.txt 4042 4213 4250.6 801.84 -208.6 801.84 0 0 1
3_30_200_6.txt 3672 3858 3944.8 1953.96 -272.8 1953.96 0 0 1
3_30_200_8.txt 3660 3863 3920.3 1039.01 -260.3 1039.01 0 0 1
3_30_200_9.txt 3933 4090 4159.5 1188.45 -226.5 1188.45 0 0 1
3_30_200_3.txt 4190 4355 4415.5 1151.25 -225.5 1151.25 0 0 1
3_30_200_7.txt 3900 4083 4159.2 1119.96 -259.2 1119.96 0 0 1
3_30_200_4.txt 3834 3939 3979.5 493.65 -145.5 493.65 0 0 1
3_30_200_1.txt 4151 4305 4342 659.8 -191 659.8 0 0 1
3_30_200_2.txt 4123 4227 4314.9 1915.29 -191.9 1915.29 0 0 1
3_30_100_8.txt 2182 2221 2262.8 398.96 -80.8 398.96 0 0 1
3_30_100_4.txt 2033 2126 2156.2 219.56 -123.2 219.56 0 0 1
3_30_100_1.txt 1962 2060 2097.2 424.76 -135.2 424.76 0 0 1
3_30_100_9.txt 1937 2010 2031.9 241.49 -94.9 241.49 0 0 1
3_30_100_2.txt 1908 1973 1994.5 199.45 -86.5 199.45 0 0 1
3_30_100_5.txt 2106 2231 2256.5 372.65 -150.5 372.65 0 0 1
3_30_100_6.txt 2082 2154 2181 370.8 -99 370.8 0 0 1
3_30_100_3.txt 2087 2154 2172.8 136.96 -85.8 136.96 0 0 1
3_30_100_7.txt 1966 2068 2101.9 380.89 -135.9 380.89 0 0 1
3_30_100_10.txt 2155 2257 2293.5 377.05 -138.5 377.05 0 0 1
3_20_50_5.txt 665 678 683.1 16.09 -18.1 16.09 0 0 1
3_20_50_1.txt 634 634 636.6 1.64 -2.6 1.64 0 0.1 0.9
3_20_50_10.txt 771 791 794.8 5.16 -23.8 5.16 0 0 1
3_20_50_6.txt 733 733 737.1 9.29 -4.1 9.29 0 0.1 0.9
3_20_50_2.txt 688 688 692.8 12.76 -4.8 12.76 0 0.2 0.8
3_20_50_8.txt 701 703 706.1 3.89 -5.1 3.89 0 0 1
3_20_50_4.txt 709 711 715.8 9.56 -6.8 9.56 0 0 1
3_20_50_7.txt 663 663 673 30.8 -10 30.8 0 0.1 0.9
3_20_50_9.txt 744 745 745.7 0.61 -1.7 0.61 0 0 1
3_20_50_3.txt 720 720 722.9 4.89 -2.9 4.89 0 0.3 0.7
3_20_200_10.txt 2424 2447 2460.7 117.61 -36.7 117.61 0 0 1
3_20_200_6.txt 2839 2839 2839 0 0 0 0 1 0
3_20_200_7.txt 2874 2879 2897 118.8 -23 118.8 0 0 1
3_20_200_2.txt 2418 2418 2418 0 0 0 0 1 0
3_20_200_9.txt 2916 2916 2918.5 2.85 -2.5 2.85 0 0.1 0.9
3_20_200_4.txt 2681 2681 2682.2 12.96 -1.2 12.96 0 0.9 0.1
3_20_200_8.txt 2634 2634 2675 358.8 -41 358.8 0 0.1 0.9
3_20_200_1.txt 3044 3090 3122.5 472.65 -78.5 472.65 0 0 1
3_20_200_5.txt 2743 2747 2767.4 133.04 -24.4 133.04 0 0 1
3_20_200_3.txt 2279 2279 2281.4 1.44 -2.4 1.44 0 0.2 0.8
3_20_100_8.txt 1387 1394 1400.6 13.04 -13.6 13.04 0 0 1
3_20_100_10.txt 1405 1421 1428.7 22.41 -23.7 22.41 0 0 1
3_20_100_7.txt 1499 1514 1526.2 61.76 -27.2 61.76 0 0 1
3_20_100_5.txt 1405 1405 1406.6 7.64 -1.6 7.64 0 0.7 0.3
3_20_100_1.txt 1341 1360 1360 0 -19 0 0 0 1
3_20_100_9.txt 1221 1221 1229.9 16.49 -8.9 16.49 0 0.1 0.9
3_20_100_4.txt 1424 1429 1444.2 66.36 -20.2 66.36 0 0 1
3_20_100_6.txt 1429 1431 1443.4 46.64 -14.4 46.64 0 0 1
3_20_100_3.txt 1295 1295 1295 0 0 0 0 1 0
3_20_100_2.txt 1353 1353 1359.6 51.64 -6.6 51.64 0 0.5 0.5
3_25_50_8.txt 800 821 827.5 20.25 -27.5 20.25 0 0 1
3_25_50_2.txt 843 858 869.4 52.84 -26.4 52.84 0 0 1
3_25_50_9.txt 845 850 869.1 68.09 -24.1 68.09 0 0 1
3_25_50_3.txt 845 852 867.8 63.96 -22.8 63.96 0 0 1
3_25_50_6.txt 879 896 903.9 17.29 -24.9 17.29 0 0 1
3_25_50_7.txt 844 844 847.8 16.76 -3.8 16.76 0 0.4 0.6
3_25_50_1.txt 763 790 806.2 41.36 -43.2 41.36 0 0 1
3_25_50_4.txt 757 759 766.5 15.85 -9.5 15.85 0 0 1
3_25_50_10.txt 904 916 927.2 25.76 -23.2 25.76 0 0 1
3_25_50_5.txt 883 887 908.2 71.76 -25.2 71.76 0 0 1
3_25_200_9.txt 3351 3410 3473.5 1622.65 -122.5 1622.65 0 0 1
3_25_200_4.txt 3348 3508 3550.3 979.01 -202.3 979.01 0 0 1
3_25_200_6.txt 3192 3225 3273.9 521.09 -81.9 521.09 0 0 1
3_25_200_2.txt 3638 3696 3784.3 1113.81 -146.3 1113.81 0 0 1
3_25_200_7.txt 3535 3553 3645.3 1383.61 -110.3 1383.61 0 0 1
3_25_200_8.txt 3548 3665 3719.1 1072.29 -171.1 1072.29 0 0 1
3_25_200_10.txt 3284 3343 3377.2 319.36 -93.2 319.36 0 0 1
3_25_200_5.txt 3197 3202 3239.3 709.81 -42.3 709.81 0 0 1
3_25_200_1.txt 2805 2848 2877 268.2 -72 268.2 0 0 1
3_25_200_3.txt 3636 3705 3777.3 875.01 -141.3 875.01 0 0 1
3_25_100_10.txt 1853 1877 1908.9 168.29 -55.9 168.29 0 0 1
3_25_100_9.txt 1804 1854 1875.6 264.84 -71.6 264.84 0 0 1
3_25_100_2.txt 1960 2011 2026.8 106.76 -66.8 106.76 0 0 1
3_25_100_5.txt 1592 1614 1626.5 61.65 -34.5 61.65 0 0 1
3_25_100_3.txt 1669 1688 1706.6 132.84 -37.6 132.84 0 0 1
3_25_100_6.txt 1520 1531 1548.5 68.65 -28.5 68.65 0 0 1
3_25_100_1.txt 1524 1544 1563.9 142.69 -39.9 142.69 0 0 1
3_25_100_4.txt 1661 1723 1745.4 168.64 -84.4 168.64 0 0 1
3_25_100_7.txt 1507 1521 1533.3 30.01 -26.3 30.01 0 0 1
3_25_100_8.txt 1604 1610 1638 191.2 -34 191.2 0 0 1
GLOBAL RESULTS: -68.8767 5255.92 0 0.0755556 0.924444
