3_10_10_1.txt 68 68 68.9 0.09 -0.9 0.09 0 0.1 0.9
3_10_10_10.txt 63 63 63 0 0 0 0 1 0
3_10_10_2.txt 57 57 57 0 0 0 0 1 0
3_10_10_3.txt 57 57 57 0 0 0 0 1 0
3_10_10_4.txt 65 65 65.2 0.16 -0.2 0.16 0 0.8 0.2
3_10_10_5.txt 55 55 55 0 0 0 0 1 0
3_10_10_6.txt 55 55 55.2 0.36 -0.2 0.36 0 0.9 0.1
3_10_10_7.txt 60 60 60.8 0.16 -0.8 0.16 0 0.2 0.8
3_10_10_8.txt 65 65 65.1 0.09 -0.1 0.09 0 0.9 0.1
3_10_10_9.txt 67 67 68.2 0.96 -1.2 0.96 0 0.4 0.6
3_5_10_1.txt 34 34 34 0 0 0 0 1 0
3_5_10_10.txt 46 46 46 0 0 0 0 1 0
3_5_10_2.txt 46 46 46 0 0 0 0 1 0
3_5_10_3.txt 39 39 39 0 0 0 0 1 0
3_5_10_4.txt 39 39 39 0 0 0 0 1 0
3_5_10_5.txt 34 34 34 0 0 0 0 1 0
3_5_10_6.txt 45 45 45 0 0 0 0 1 0
3_5_10_7.txt 38 38 38 0 0 0 0 1 0
3_5_10_8.txt 40 40 40 0 0 0 0 1 0
3_5_10_9.txt 49 49 49 0 0 0 0 1 0
3_7_10_1.txt 42 42 42 0 0 0 0 1 0
3_7_10_10.txt 47 47 47 0 0 0 0 1 0
3_7_10_2.txt 60 60 60 0 0 0 0 1 0
3_7_10_3.txt 57 57 57 0 0 0 0 1 0
3_7_10_4.txt 54 54 54 0 0 0 0 1 0
3_7_10_5.txt 48 48 48 0 0 0 0 1 0
3_7_10_6.txt 53 53 53 0 0 0 0 1 0
3_7_10_7.txt 62 62 62 0 0 0 0 1 0
3_7_10_8.txt 63 63 63 0 0 0 0 1 0
3_7_10_9.txt 55 55 55 0 0 0 0 1 0
3_10_100_1.txt 759 759 759.9 1.89 -0.9 1.89 0 0.7 0.3
3_10_100_10.txt 736 736 742.5 42.25 -6.5 42.25 0 0.5 0.5
3_10_100_2.txt 745 745 745 0 0 0 0 1 0
3_10_100_3.txt 714 714 715.4 17.64 -1.4 17.64 0 0.9 0.1
3_10_100_4.txt 698 698 698 0 0 0 0 1 0
3_10_100_5.txt 626 626 628.4 51.84 -2.4 51.84 0 0.9 0.1
3_10_100_6.txt 725 725 731.1 57.09 -6.1 57.09 0 0.5 0.5
3_10_100_7.txt 798 798 801 9 -3 9 0 0.5 0.5
3_10_100_8.txt 674 674 674 0 0 0 0 1 0
3_10_100_9.txt 816 816 818.9 34.89 -2.9 34.89 0 0.8 0.2
3_5_100_1.txt 400 400 400 0 0 0 0 1 0
3_5_100_10.txt 366 366 366 0 0 0 0 1 0
3_5_100_2.txt 414 414 414 0 0 0 0 1 0
3_5_100_3.txt 378 378 378 0 0 0 0 1 0
3_5_100_4.txt 306 306 306 0 0 0 0 1 0
3_5_100_5.txt 332 332 332 0 0 0 0 1 0
3_5_100_6.txt 360 360 360 0 0 0 0 1 0
3_5_100_7.txt 437 437 437 0 0 0 0 1 0
3_5_100_8.txt 365 365 365 0 0 0 0 1 0
3_5_100_9.txt 396 396 396 0 0 0 0 1 0
3_7_100_1.txt 628 628 628 0 0 0 0 1 0
3_7_100_10.txt 400 400 400 0 0 0 0 1 0
3_7_100_2.txt 673 673 673 0 0 0 0 1 0
3_7_100_3.txt 484 484 484 0 0 0 0 1 0
3_7_100_4.txt 403 403 403 0 0 0 0 1 0
3_7_100_5.txt 555 555 555 0 0 0 0 1 0
3_7_100_6.txt 575 575 575 0 0 0 0 1 0
3_7_100_7.txt 475 475 475 0 0 0 0 1 0
3_7_100_8.txt 497 497 497 0 0 0 0 1 0
3_7_100_9.txt 629 629 629 0 0 0 0 1 0
3_10_50_1.txt 322 322 322 0 0 0 0 1 0
3_10_50_10.txt 343 343 343 0 0 0 0 1 0
3_10_50_2.txt 296 296 296 0 0 0 0 1 0
3_10_50_3.txt 389 389 389.3 0.81 -0.3 0.81 0 0.9 0.1
3_10_50_4.txt 371 371 371.7 4.41 -0.7 4.41 0 0.9 0.1
3_10_50_5.txt 319 319 319 0 0 0 0 1 0
3_10_50_6.txt 395 395 395.9 2.29 -0.9 2.29 0 0.6 0.4
3_10_50_7.txt 298 298 298 0 0 0 0 1 0
3_10_50_8.txt 288 288 288 0 0 0 0 1 0
3_10_50_9.txt 317 317 317 0 0 0 0 1 0
3_5_50_1.txt 190 190 190 0 0 0 0 1 0
3_5_50_10.txt 165 165 165 0 0 0 0 1 0
3_5_50_2.txt 181 181 181 0 0 0 0 1 0
3_5_50_3.txt 181 181 181 0 0 0 0 1 0
3_5_50_4.txt 152 152 152 0 0 0 0 1 0
3_5_50_5.txt 233 233 233 0 0 0 0 1 0
3_5_50_6.txt 153 153 153 0 0 0 0 1 0
3_5_50_7.txt 254 254 254 0 0 0 0 1 0
3_5_50_8.txt 191 191 191 0 0 0 0 1 0
3_5_50_9.txt 203 203 203 0 0 0 0 1 0
3_7_50_1.txt 252 252 252 0 0 0 0 1 0
3_7_50_10.txt 300 300 300 0 0 0 0 1 0
3_7_50_2.txt 239 239 239 0 0 0 0 1 0
3_7_50_3.txt 285 285 285 0 0 0 0 1 0
3_7_50_4.txt 223 223 223 0 0 0 0 1 0
3_7_50_5.txt 206 206 206 0 0 0 0 1 0
3_7_50_6.txt 246 246 246 0 0 0 0 1 0
3_7_50_7.txt 223 223 223 0 0 0 0 1 0
3_7_50_8.txt 325 325 325 0 0 0 0 1 0
3_7_50_9.txt 229 229 229 0 0 0 0 1 0
5_10_10_1.txt 49 49 49 0 0 0 0 1 0
5_10_10_10.txt 51 51 51 0 0 0 0 1 0
5_10_10_2.txt 51 51 51 0 0 0 0 1 0
5_10_10_3.txt 51 51 51.1 0.09 -0.1 0.09 0 0.9 0.1
5_10_10_4.txt 46 46 46 0 0 0 0 1 0
5_10_10_5.txt 59 59 59 0 0 0 0 1 0
5_10_10_6.txt 46 46 46 0 0 0 0 1 0
5_10_10_7.txt 49 49 49 0 0 0 0 1 0
5_10_10_8.txt 62 62 62 0 0 0 0 1 0
5_10_10_9.txt 51 51 51 0 0 0 0 1 0
5_5_10_1.txt 42 42 42 0 0 0 0 1 0
5_5_10_10.txt 36 36 36 0 0 0 0 1 0
5_5_10_2.txt 32 32 32 0 0 0 0 1 0
5_5_10_3.txt 40 40 40 0 0 0 0 1 0
5_5_10_4.txt 36 36 36 0 0 0 0 1 0
5_5_10_5.txt 41 41 41 0 0 0 0 1 0
5_5_10_6.txt 27 27 27 0 0 0 0 1 0
5_5_10_7.txt 34 34 34 0 0 0 0 1 0
5_5_10_8.txt 34 34 34 0 0 0 0 1 0
5_5_10_9.txt 28 28 28 0 0 0 0 1 0
5_7_10_1.txt 45 45 45 0 0 0 0 1 0
5_7_10_10.txt 38 38 38 0 0 0 0 1 0
5_7_10_2.txt 49 49 49 0 0 0 0 1 0
5_7_10_3.txt 57 57 57 0 0 0 0 1 0
5_7_10_4.txt 47 47 47 0 0 0 0 1 0
5_7_10_5.txt 53 53 53 0 0 0 0 1 0
5_7_10_6.txt 43 43 43 0 0 0 0 1 0
5_7_10_7.txt 47 47 47 0 0 0 0 1 0
5_7_10_8.txt 40 40 40 0 0 0 0 1 0
5_7_10_9.txt 41 41 41 0 0 0 0 1 0
5_10_100_1.txt 521 521 521 0 0 0 0 1 0
5_10_100_10.txt 726 726 726 0 0 0 0 1 0
5_10_100_2.txt 668 668 668 0 0 0 0 1 0
5_10_100_3.txt 562 562 562 0 0 0 0 1 0
5_10_100_4.txt 563 563 564.2 2.16 -1.2 2.16 0 0.6 0.4
5_10_100_5.txt 687 687 687.3 0.81 -0.3 0.81 0 0.9 0.1
5_10_100_6.txt 572 572 572 0 0 0 0 1 0
5_10_100_7.txt 569 569 569 0 0 0 0 1 0
5_10_100_8.txt 657 657 657 0 0 0 0 1 0
5_10_100_9.txt 578 578 578 0 0 0 0 1 0
5_5_100_1.txt 314 314 314 0 0 0 0 1 0
5_5_100_10.txt 366 366 366 0 0 0 0 1 0
5_5_100_2.txt 356 356 356 0 0 0 0 1 0
5_5_100_3.txt 218 218 218 0 0 0 0 1 0
5_5_100_4.txt 333 333 333 0 0 0 0 1 0
5_5_100_5.txt 386 386 386 0 0 0 0 1 0
5_5_100_6.txt 388 388 388 0 0 0 0 1 0
5_5_100_7.txt 287 287 287 0 0 0 0 1 0
5_5_100_8.txt 343 343 343 0 0 0 0 1 0
5_5_100_9.txt 264 264 264 0 0 0 0 1 0
5_7_100_1.txt 449 449 449 0 0 0 0 1 0
5_7_100_10.txt 444 444 444 0 0 0 0 1 0
5_7_100_2.txt 455 455 455 0 0 0 0 1 0
5_7_100_3.txt 402 402 402 0 0 0 0 1 0
5_7_100_4.txt 387 387 387 0 0 0 0 1 0
5_7_100_5.txt 400 400 400 0 0 0 0 1 0
5_7_100_6.txt 444 444 444 0 0 0 0 1 0
5_7_100_7.txt 531 531 531 0 0 0 0 1 0
5_7_100_8.txt 467 467 467 0 0 0 0 1 0
5_7_100_9.txt 390 390 390 0 0 0 0 1 0
5_10_50_1.txt 313 313 313 0 0 0 0 1 0
5_10_50_10.txt 253 253 253 0 0 0 0 1 0
5_10_50_2.txt 318 318 318 0 0 0 0 1 0
5_10_50_3.txt 287 287 287 0 0 0 0 1 0
5_10_50_4.txt 337 337 337 0 0 0 0 1 0
5_10_50_5.txt 377 377 377 0 0 0 0 1 0
5_10_50_6.txt 311 311 311 0 0 0 0 1 0
5_10_50_7.txt 290 290 290 0 0 0 0 1 0
5_10_50_8.txt 316 316 316 0 0 0 0 1 0
5_10_50_9.txt 368 368 368 0 0 0 0 1 0
5_5_50_1.txt 184 184 184 0 0 0 0 1 0
5_5_50_10.txt 151 151 151 0 0 0 0 1 0
5_5_50_2.txt 117 117 117 0 0 0 0 1 0
5_5_50_3.txt 148 148 148 0 0 0 0 1 0
5_5_50_4.txt 172 172 172 0 0 0 0 1 0
5_5_50_5.txt 200 200 200 0 0 0 0 1 0
5_5_50_6.txt 158 158 158 0 0 0 0 1 0
5_5_50_7.txt 196 196 196 0 0 0 0 1 0
5_5_50_8.txt 189 189 189 0 0 0 0 1 0
5_5_50_9.txt 140 140 140 0 0 0 0 1 0
5_7_50_1.txt 216 216 216 0 0 0 0 1 0
5_7_50_10.txt 194 194 194 0 0 0 0 1 0
5_7_50_2.txt 198 198 198 0 0 0 0 1 0
5_7_50_3.txt 275 275 275 0 0 0 0 1 0
5_7_50_4.txt 210 210 210 0 0 0 0 1 0
5_7_50_5.txt 293 293 293 0 0 0 0 1 0
5_7_50_6.txt 191 191 191 0 0 0 0 1 0
5_7_50_7.txt 189 189 189 0 0 0 0 1 0
5_7_50_8.txt 253 253 253 0 0 0 0 1 0
5_7_50_9.txt 233 233 233 0 0 0 0 1 0
7_10_10_1.txt 62 62 62 0 0 0 0 1 0
7_10_10_10.txt 45 45 45 0 0 0 0 1 0
7_10_10_2.txt 65 65 65 0 0 0 0 1 0
7_10_10_3.txt 68 68 68 0 0 0 0 1 0
7_10_10_4.txt 57 57 57 0 0 0 0 1 0
7_10_10_5.txt 56 56 56 0 0 0 0 1 0
7_10_10_6.txt 58 58 58 0 0 0 0 1 0
7_10_10_7.txt 48 48 48 0 0 0 0 1 0
7_10_10_8.txt 44 44 44 0 0 0 0 1 0
7_10_10_9.txt 62 62 62 0 0 0 0 1 0
7_5_10_1.txt 29 29 29 0 0 0 0 1 0
7_5_10_10.txt 31 31 31 0 0 0 0 1 0
7_5_10_2.txt 31 31 31 0 0 0 0 1 0
7_5_10_3.txt 25 25 25 0 0 0 0 1 0
7_5_10_4.txt 29 29 29 0 0 0 0 1 0
7_5_10_5.txt 31 31 31 0 0 0 0 1 0
7_5_10_6.txt 28 28 28 0 0 0 0 1 0
7_5_10_7.txt 24 24 24 0 0 0 0 1 0
7_5_10_8.txt 32 32 32 0 0 0 0 1 0
7_5_10_9.txt 27 27 27 0 0 0 0 1 0
7_7_10_1.txt 40 40 40 0 0 0 0 1 0
7_7_10_10.txt 42 42 42 0 0 0 0 1 0
7_7_10_2.txt 34 34 34 0 0 0 0 1 0
7_7_10_3.txt 45 45 45 0 0 0 0 1 0
7_7_10_4.txt 36 36 36 0 0 0 0 1 0
7_7_10_5.txt 36 36 36 0 0 0 0 1 0
7_7_10_6.txt 34 34 34 0 0 0 0 1 0
7_7_10_7.txt 42 42 42 0 0 0 0 1 0
7_7_10_8.txt 44 44 44 0 0 0 0 1 0
7_7_10_9.txt 40 40 40 0 0 0 0 1 0
7_10_100_1.txt 645 645 645 0 0 0 0 1 0
7_10_100_10.txt 604 604 604 0 0 0 0 1 0
7_10_100_2.txt 620 620 620 0 0 0 0 1 0
7_10_100_3.txt 729 729 729 0 0 0 0 1 0
7_10_100_4.txt 527 527 527 0 0 0 0 1 0
7_10_100_5.txt 638 638 638 0 0 0 0 1 0
7_10_100_6.txt 693 693 693 0 0 0 0 1 0
7_10_100_7.txt 588 588 588 0 0 0 0 1 0
7_10_100_8.txt 630 630 630 0 0 0 0 1 0
7_10_100_9.txt 585 585 585 0 0 0 0 1 0
7_5_100_1.txt 328 328 328 0 0 0 0 1 0
7_5_100_10.txt 384 384 384 0 0 0 0 1 0
7_5_100_2.txt 300 300 300 0 0 0 0 1 0
7_5_100_3.txt 299 299 299 0 0 0 0 1 0
7_5_100_4.txt 389 389 389 0 0 0 0 1 0
7_5_100_5.txt 395 395 395 0 0 0 0 1 0
7_5_100_6.txt 373 373 373 0 0 0 0 1 0
7_5_100_7.txt 295 295 295 0 0 0 0 1 0
7_5_100_8.txt 333 333 333 0 0 0 0 1 0
7_5_100_9.txt 414 414 414 0 0 0 0 1 0
7_7_100_1.txt 459 459 459 0 0 0 0 1 0
7_7_100_10.txt 526 526 526 0 0 0 0 1 0
7_7_100_2.txt 395 395 395 0 0 0 0 1 0
7_7_100_3.txt 402 402 402 0 0 0 0 1 0
7_7_100_4.txt 387 387 387 0 0 0 0 1 0
7_7_100_5.txt 395 395 395 0 0 0 0 1 0
7_7_100_6.txt 366 366 366 0 0 0 0 1 0
7_7_100_7.txt 410 410 410 0 0 0 0 1 0
7_7_100_8.txt 430 430 430 0 0 0 0 1 0
7_7_100_9.txt 491 491 491 0 0 0 0 1 0
7_10_50_1.txt 309 309 309 0 0 0 0 1 0
7_10_50_10.txt 304 304 304 0 0 0 0 1 0
7_10_50_2.txt 318 318 318 0 0 0 0 1 0
7_10_50_3.txt 321 321 321 0 0 0 0 1 0
7_10_50_4.txt 233 233 233 0 0 0 0 1 0
7_10_50_5.txt 340 340 340 0 0 0 0 1 0
7_10_50_6.txt 283 283 283 0 0 0 0 1 0
7_10_50_7.txt 287 287 287 0 0 0 0 1 0
7_10_50_8.txt 347 347 347.2 0.16 -0.2 0.16 0 0.8 0.2
7_10_50_9.txt 304 304 304 0 0 0 0 1 0
7_5_50_1.txt 160 160 160 0 0 0 0 1 0
7_5_50_10.txt 156 156 156 0 0 0 0 1 0
7_5_50_2.txt 135 135 135 0 0 0 0 1 0
7_5_50_3.txt 148 148 148 0 0 0 0 1 0
7_5_50_4.txt 154 154 154 0 0 0 0 1 0
7_5_50_5.txt 191 191 191 0 0 0 0 1 0
7_5_50_6.txt 201 201 201 0 0 0 0 1 0
7_5_50_7.txt 148 148 148 0 0 0 0 1 0
7_5_50_8.txt 159 159 159 0 0 0 0 1 0
7_5_50_9.txt 145 145 145 0 0 0 0 1 0
7_7_50_1.txt 202 202 202 0 0 0 0 1 0
7_7_50_10.txt 186 186 186 0 0 0 0 1 0
7_7_50_2.txt 231 231 231 0 0 0 0 1 0
7_7_50_3.txt 266 266 266 0 0 0 0 1 0
7_7_50_4.txt 221 221 221 0 0 0 0 1 0
7_7_50_5.txt 240 240 240 0 0 0 0 1 0
7_7_50_6.txt 178 178 178 0 0 0 0 1 0
7_7_50_7.txt 249 249 249 0 0 0 0 1 0
7_7_50_8.txt 206 206 206 0 0 0 0 1 0
7_7_50_9.txt 229 229 229 0 0 0 0 1 0
GLOBAL RESULTS: -0.112222 1.24111 0 0.976667 0.0233333
